                            OLS Regression Results                            
==============================================================================
Dep. Variable:                      y   R-squared:                       0.823
Model:                            OLS   Adj. R-squared:                  0.822
Method:                 Least Squares   F-statistic:                     1944.
Date:                Tue, 28 Apr 2026   Prob (F-statistic):               0.00
Time:                        22:36:59   Log-Likelihood:                -62982.
No. Observations:               50000   AIC:                         1.262e+05
Df Residuals:                   49880   BIC:                         1.273e+05
Df Model:                         119                                         
Covariance Type:            nonrobust                                         
===================================================================================
                      coef    std err          t      P>|t|      [0.025      0.975]
-----------------------------------------------------------------------------------
const              -7.6017      0.283    -26.867      0.000      -8.156      -7.047
feature_078         0.1741      0.000    453.340      0.000       0.173       0.175
feature_009         0.4774      0.008     62.632      0.000       0.463       0.492
feature_092        -0.0005   4.73e-05    -11.565      0.000      -0.001      -0.000
feature_006        -0.0771      0.001    -77.855      0.000      -0.079      -0.075
feature_099        -0.0007      0.000     -1.646      0.100      -0.001       0.000
feature_055       8.87e-05      0.002      0.048      0.962      -0.004       0.004
feature_038        -0.0037      0.002     -1.721      0.085      -0.008       0.001
feature_014        -0.0002   7.73e-05     -2.550      0.011      -0.000   -4.56e-05
feature_070         0.0006      0.000      1.815      0.070   -4.74e-05       0.001
feature_044     -8.492e-05      0.000     -0.271      0.787      -0.001       0.001
feature_084        -0.0029      0.012     -0.241      0.809      -0.027       0.021
feature_028         0.0004      0.013      0.033      0.974      -0.025       0.026
feature_065      1.552e-05      0.001      0.020      0.984      -0.001       0.002
feature_117        -0.0019      0.001     -1.513      0.130      -0.004       0.001
feature_056         0.0119      0.008      1.562      0.118      -0.003       0.027
feature_103        -0.0026      0.008     -0.338      0.735      -0.018       0.012
feature_094        -0.0001      0.000     -0.861      0.389      -0.000       0.000
feature_120     -4.064e-05   5.49e-05     -0.740      0.459      -0.000     6.7e-05
feature_019        -0.0012      0.002     -0.756      0.450      -0.004       0.002
feature_059        -0.0038      0.002     -1.770      0.077      -0.008       0.000
feature_003        -0.0071      0.006     -1.122      0.262      -0.020       0.005
feature_010         0.0002      0.000      1.417      0.156    -6.3e-05       0.000
feature_101         0.0003      0.000      0.799      0.425      -0.000       0.001
feature_020        -0.0048      0.003     -1.436      0.151      -0.011       0.002
feature_090         0.0151      0.023      0.654      0.513      -0.030       0.060
feature_118         0.0002      0.001      0.223      0.824      -0.001       0.002
feature_054        -0.0004      0.000     -1.407      0.159      -0.001       0.000
feature_062        -0.0002      0.000     -0.433      0.665      -0.001       0.001
feature_031         0.0004      0.000      1.107      0.268      -0.000       0.001
feature_082         0.0010      0.002      0.512      0.608      -0.003       0.005
feature_075         0.0040      0.002      1.776      0.076      -0.000       0.008
feature_026        -0.0012      0.001     -0.837      0.402      -0.004       0.002
feature_122         0.0002      0.000      1.221      0.222      -0.000       0.001
feature_005        -0.0005      0.001     -0.401      0.688      -0.003       0.002
log_feature_013    -0.1910      0.002   -101.557      0.000      -0.195      -0.187
log_feature_013    -0.1910      0.002   -101.557      0.000      -0.195      -0.187
feature_051         0.0016      0.009      0.171      0.864      -0.017       0.020
feature_043        -0.0417      0.010     -4.359      0.000      -0.060      -0.023
feature_109         0.1370      0.013     10.744      0.000       0.112       0.162
feature_035         0.0025      0.010      0.262      0.793      -0.016       0.021
feature_036         0.0282      0.022      1.271      0.204      -0.015       0.072
feature_027         0.0357      0.008      4.581      0.000       0.020       0.051
feature_011        -0.0025      0.008     -0.315      0.752      -0.018       0.013
feature_063         0.0108      0.008      1.295      0.195      -0.006       0.027
feature_066        -0.0038      0.008     -0.454      0.650      -0.020       0.013
feature_039         0.1303      0.013     10.315      0.000       0.106       0.155
feature_024        -0.0132      0.011     -1.230      0.219      -0.034       0.008
feature_073         0.0474      0.018      2.643      0.008       0.012       0.083
feature_097        -0.0077      0.009     -0.840      0.401      -0.026       0.010
feature_077        -0.0041      0.008     -0.535      0.593      -0.019       0.011
feature_106        -0.0027      0.009     -0.319      0.750      -0.019       0.014
feature_086        -0.0129      0.012     -1.096      0.273      -0.036       0.010
feature_015        -0.0029      0.013     -0.226      0.821      -0.028       0.022
feature_085        -0.0083      0.010     -0.834      0.405      -0.028       0.011
feature_034         0.0052      0.014      0.365      0.715      -0.023       0.033
feature_021        -0.0166      0.016     -1.036      0.300      -0.048       0.015
feature_116         0.0473      0.017      2.716      0.007       0.013       0.081
feature_004         0.0190      0.028      0.666      0.505      -0.037       0.075
feature_119        -0.0248      0.023     -1.086      0.277      -0.070       0.020
feature_072        -0.0514      0.039     -1.323      0.186      -0.128       0.025
feature_098        -0.0096      0.012     -0.818      0.413      -0.033       0.013
feature_115        -0.0005      0.010     -0.048      0.962      -0.020       0.019
feature_079         0.0065      0.019      0.335      0.737      -0.031       0.044
feature_091         0.0065      0.011      0.599      0.549      -0.015       0.028
feature_081         0.0104      0.010      1.094      0.274      -0.008       0.029
feature_111         0.0021      0.013      0.168      0.867      -0.023       0.027
feature_032         0.0035      0.011      0.328      0.743      -0.017       0.024
feature_068         0.0124      0.019      0.638      0.523      -0.026       0.051
feature_040      8.051e-05      0.012      0.007      0.995      -0.023       0.023
feature_041         0.0146      0.022      0.652      0.514      -0.029       0.058
feature_001         0.0118      0.023      0.520      0.603      -0.033       0.056
feature_113        -0.0140      0.027     -0.516      0.606      -0.067       0.039
feature_080         0.0391      0.038      1.028      0.304      -0.035       0.114
feature_058        -0.0044      0.028     -0.158      0.875      -0.059       0.050
feature_050        -0.1431      0.055     -2.625      0.009      -0.250      -0.036
feature_100        -0.0349      0.053     -0.659      0.510      -0.139       0.069
feature_052         0.0231      0.027      0.847      0.397      -0.030       0.077
feature_008         0.0089      0.011      0.832      0.405      -0.012       0.030
feature_108        -0.0135      0.008     -1.761      0.078      -0.029       0.002
feature_107        -0.0053      0.010     -0.524      0.600      -0.025       0.015
feature_114        -0.0130      0.014     -0.927      0.354      -0.041       0.015
feature_121         0.0478      0.017      2.746      0.006       0.014       0.082
feature_074        -0.0161      0.008     -2.100      0.036      -0.031      -0.001
feature_061         0.0040      0.008      0.476      0.634      -0.012       0.020
feature_060        -0.0044      0.008     -0.548      0.583      -0.020       0.011
feature_053        -0.0004      0.011     -0.041      0.967      -0.022       0.021
feature_025         0.0031      0.012      0.266      0.790      -0.020       0.026
feature_042        -0.0107      0.010     -1.115      0.265      -0.029       0.008
feature_087        -0.0030      0.008     -0.394      0.694      -0.018       0.012
feature_023        -0.0024      0.012     -0.202      0.840      -0.026       0.021
feature_048        -0.0137      0.013     -1.069      0.285      -0.039       0.011
feature_037         0.0004      0.008      0.056      0.956      -0.015       0.016
feature_017        -0.0049      0.008     -0.621      0.534      -0.020       0.011
feature_022        -0.0280      0.018     -1.596      0.111      -0.062       0.006
feature_110         0.0212      0.009      2.302      0.021       0.003       0.039
feature_105        -0.0016      0.016     -0.099      0.921      -0.033       0.030
feature_046        -0.0051      0.008     -0.610      0.542      -0.021       0.011
feature_030        -0.0092      0.009     -1.047      0.295      -0.027       0.008
feature_049        -0.0118      0.010     -1.189      0.234      -0.031       0.008
feature_102         0.0017      0.008      0.213      0.832      -0.014       0.017
feature_083         0.0084      0.008      1.005      0.315      -0.008       0.025
feature_104         0.0062      0.011      0.584      0.559      -0.015       0.027
feature_029        -0.0052      0.014     -0.367      0.713      -0.033       0.022
feature_069         0.0032      0.008      0.383      0.701      -0.013       0.019
feature_076         0.0114      0.010      1.196      0.232      -0.007       0.030
feature_088         0.0080      0.008      1.038      0.299      -0.007       0.023
feature_047         0.0100      0.008      1.282      0.200      -0.005       0.025
feature_012         0.0036      0.008      0.464      0.643      -0.012       0.019
feature_089        -0.0131      0.008     -1.642      0.101      -0.029       0.003
feature_095         0.0039      0.008      0.507      0.612      -0.011       0.019
feature_002         0.0028      0.014      0.197      0.844      -0.025       0.030
feature_093         0.0012      0.012      0.099      0.921      -0.022       0.024
feature_112         0.0073      0.008      0.932      0.351      -0.008       0.023
race_black         -0.0055      0.019     -0.289      0.773      -0.043       0.032
race_hispanic      -0.0126      0.018     -0.687      0.492      -0.049       0.023
race_other         -0.0224      0.031     -0.712      0.476      -0.084       0.039
race_white         -0.0025      0.016     -0.152      0.879      -0.034       0.029
ins_medicare        0.0045      0.012      0.380      0.704      -0.019       0.027
ins_private        -0.0055      0.012     -0.463      0.644      -0.029       0.018
ins_uninsured       0.0057      0.022      0.261      0.794      -0.037       0.048
==============================================================================
Omnibus:                     3296.078   Durbin-Watson:                   1.996
Prob(Omnibus):                  0.000   Jarque-Bera (JB):            10552.864
Skew:                           0.312   Prob(JB):                         0.00
Kurtosis:                       5.162   Cond. No.                     2.25e+15
==============================================================================

Notes:
[1] Standard Errors assume that the covariance matrix of the errors is correctly specified.
[2] The smallest eigenvalue is 2.02e-21. This might indicate that there are
strong multicollinearity problems or that the design matrix is singular.