                           Logit Regression Results                           
==============================================================================
Dep. Variable:     objective_response   No. Observations:                50000
Model:                          Logit   Df Residuals:                    49976
Method:                           MLE   Df Model:                           23
Date:                Tue, 28 Apr 2026   Pseudo R-squ.:                 0.02058
Time:                        17:31:13   Log-Likelihood:                -22243.
converged:                       True   LL-Null:                       -22710.
Covariance Type:            nonrobust   LLR p-value:                9.534e-183
===========================================================================================
                              coef    std err          z      P>|z|      [0.025      0.975]
-------------------------------------------------------------------------------------------
const                      -1.3565      0.134    -10.092      0.000      -1.620      -1.093
treatment_pembrolizumab    -0.1312      0.047     -2.815      0.005      -0.223      -0.040
treatment_sotorasib         0.0056      0.025      0.223      0.824      -0.044       0.055
treatment_olaparib          0.0118      0.026      0.447      0.655      -0.040       0.063
treatment_osimertinib      -0.0348      0.026     -1.315      0.188      -0.087       0.017
ecog_ps                    -0.3816      0.018    -20.758      0.000      -0.418      -0.346
albumin_g_dl                0.0925      0.024      3.841      0.000       0.045       0.140
ldh_u_l                  9.282e-05      0.000      0.625      0.532      -0.000       0.000
weight_loss_pct_6mo        -0.0394      0.003    -12.044      0.000      -0.046      -0.033
stage_iv                   -0.3019      0.025    -12.257      0.000      -0.350      -0.254
has_brain_mets             -0.2575      0.029     -8.868      0.000      -0.314      -0.201
age_years                   0.0003      0.001      0.276      0.782      -0.002       0.003
sex_female                  0.0797      0.024      3.295      0.001       0.032       0.127
pdl1_tps                   -0.1350      0.081     -1.657      0.097      -0.295       0.025
tmb_high                    0.0383      0.038      1.007      0.314      -0.036       0.113
egfr_mutation              -0.0122      0.036     -0.336      0.737      -0.084       0.059
kras_g12c                  -0.0107      0.036     -0.296      0.767      -0.082       0.060
alk_fusion                 -0.0335      0.057     -0.589      0.556      -0.145       0.078
stk11_mutation              0.0728      0.048      1.532      0.126      -0.020       0.166
keap1_mutation              0.0026      0.032      0.080      0.936      -0.060       0.066
brca2_mutation             -0.0696      0.071     -0.975      0.329      -0.209       0.070
pembro_x_pdl1               0.5943      0.114      5.225      0.000       0.371       0.817
pembro_x_tmb                0.1737      0.053      3.304      0.001       0.071       0.277
pembro_x_stk11_mutation    -0.2041      0.068     -2.994      0.003      -0.338      -0.070
===========================================================================================