                           Logit Regression Results                           
==============================================================================
Dep. Variable:     objective_response   No. Observations:                50000
Model:                          Logit   Df Residuals:                    49964
Method:                           MLE   Df Model:                           35
Date:                Tue, 28 Apr 2026   Pseudo R-squ.:                 0.02179
Time:                        17:47:13   Log-Likelihood:                -22215.
converged:                       True   LL-Null:                       -22710.
Covariance Type:            nonrobust   LLR p-value:                4.438e-185
===========================================================================================
                              coef    std err          z      P>|z|      [0.025      0.975]
-------------------------------------------------------------------------------------------
const                      -1.3449      0.232     -5.807      0.000      -1.799      -0.891
treatment_pembrolizumab    -0.0136      0.034     -0.398      0.691      -0.081       0.053
treatment_sotorasib        -0.0031      0.027     -0.113      0.910      -0.056       0.050
treatment_olaparib          0.0143      0.027      0.537      0.591      -0.038       0.067
treatment_osimertinib      -0.0386      0.028     -1.363      0.173      -0.094       0.017
pdl1_tps                   -0.0805      0.067     -1.194      0.232      -0.213       0.052
tmb_high                    0.0388      0.039      1.002      0.316      -0.037       0.115
egfr_mutation              -0.0209      0.047     -0.440      0.660      -0.114       0.072
kras_g12c                  -0.0341      0.046     -0.748      0.454      -0.123       0.055
alk_fusion                 -0.0354      0.057     -0.620      0.536      -0.147       0.077
brca2_mutation             -0.0266      0.083     -0.321      0.748      -0.189       0.136
stk11_mutation              0.0731      0.048      1.536      0.125      -0.020       0.166
keap1_mutation              0.0286      0.046      0.623      0.533      -0.061       0.119
tp53_mutation               0.0017      0.024      0.070      0.944      -0.046       0.049
ecog_ps                    -0.3820      0.018    -20.767      0.000      -0.418      -0.346
stage_iv                   -0.3022      0.025    -12.257      0.000      -0.350      -0.254
has_brain_mets             -0.2581      0.029     -8.884      0.000      -0.315      -0.201
liver_mets                  0.0349      0.033      1.043      0.297      -0.031       0.100
bone_mets                   0.0410      0.030      1.373      0.170      -0.018       0.099
albumin_g_dl                0.0925      0.024      3.840      0.000       0.045       0.140
log_ldh                     0.0215      0.034      0.625      0.532      -0.046       0.089
log_nlr                    -0.0203      0.022     -0.923      0.356      -0.063       0.023
log_crp                    -0.0753      0.015     -4.990      0.000      -0.105      -0.046
weight_loss_pct_6mo        -0.0393      0.003    -12.020      0.000      -0.046      -0.033
age_years                   0.0003      0.001      0.285      0.776      -0.002       0.003
sex_female                  0.0795      0.024      3.285      0.001       0.032       0.127
squam                       0.0403      0.028      1.444      0.149      -0.014       0.095
current_smoker             -0.0188      0.047     -0.405      0.685      -0.110       0.072
former_smoker              -0.0079      0.041     -0.195      0.845      -0.088       0.072
pemb_x_pdl1                 0.3307      0.047      7.052      0.000       0.239       0.423
pemb_x_tmb                  0.1735      0.053      3.299      0.001       0.070       0.277
soto_x_kras                 0.0634      0.075      0.842      0.400      -0.084       0.211
ola_x_brca                 -0.1735      0.164     -1.057      0.290      -0.495       0.148
osi_x_egfr                  0.0269      0.079      0.342      0.733      -0.127       0.181
pemb_x_stk11               -0.2025      0.068     -2.967      0.003      -0.336      -0.069
pemb_x_keap1               -0.0513      0.064     -0.797      0.425      -0.177       0.075
===========================================================================================